0 PXI_3_rotated
0 Author: LEGO Digital Designer 4.3
1 15 -169.99957275390625 -97.434005737304688 22.333747863769531 1.9315213648951612E-005 -0.00012308791338000447 -1.0000001192092896 0.99612897634506226 -0.087904892861843109 2.9961694963276386E-005 -0.087904989719390869 -0.99612891674041748 0.0001210214031743817 4274.dat
1 15 -160.00379943847656 -110.25254821777344 -9.1626081466674805 -1 2.9832250220351852E-005 2.7434123694547452E-005 2.9950326279504225E-005 0.087905026972293854 0.99612885713577271 2.7305168259772472E-005 0.99612885713577271 -0.087905034422874451 32000.dat
1 15 -200.00486755371094 -110.99853515625 -17.624858856201172 1 0.00012315166532061994 -1.9139744836138561E-005 -2.9891298254369758E-005 0.087905004620552063 -0.99612885713577271 -0.00012099244486307725 0.99612885713577271 0.08790501207113266 3666.dat
1 15 -240.00389099121094 -110.29410552978516 -9.6509857177734375 1 0.00012315166532061994 -1.9139744836138561E-005 -2.9891298254369758E-005 0.087905004620552063 -0.99612885713577271 -0.00012099244486307725 0.99612885713577271 0.08790501207113266 3004.dat
1 15 -240.00094604492187 -108.18438720703125 14.256107330322266 1 0.00012315166532061994 -1.9139744836138561E-005 -2.9891298254369758E-005 0.087905004620552063 -0.99612885713577271 -0.00012099244486307725 0.99612885713577271 0.08790501207113266 3004.dat
1 15 -239.99794006347656 -106.07463073730469 38.163200378417969 1 0.00012315166532061994 -1.9139744836138561E-005 -2.9891298254369758E-005 0.087905004620552063 -0.99612885713577271 -0.00012099244486307725 0.99612885713577271 0.08790501207113266 3004.dat
1 15 -229.99496459960937 -103.9652099609375 62.069084167480469 1 0.00012315166532061994 -1.9139744836138561E-005 -2.9891298254369758E-005 0.087905004620552063 -0.99612885713577271 -0.00012099244486307725 0.99612885713577271 0.08790501207113266 3622.dat
1 15 -139.99198913574219 -101.85829162597656 85.965339660644531 1 0.00012315166532061994 -1.9139744836138561E-005 -2.9891298254369758E-005 0.087905004620552063 -0.99612885713577271 -0.00012099244486307725 0.99612885713577271 0.08790501207113266 6112.dat
1 15 -79.994979858398437 -103.96969604492187 62.050933837890625 1 0.00012315166532061994 -1.9139744836138561E-005 -2.9891298254369758E-005 0.087905004620552063 -0.99612885713577271 -0.00012099244486307725 0.99612885713577271 0.08790501207113266 6112.dat
1 15 -79.997909545898438 -106.07942199707031 38.143840789794922 -1 2.9832250220351852E-005 2.7434123694547452E-005 2.9950326279504225E-005 0.087905026972293854 0.99612885713577271 2.7305168259772472E-005 0.99612885713577271 -0.087905034422874451 32000.dat
1 15 -39.997898101806641 -106.08062744140625 38.138999938964844 -1 2.9832250220351852E-005 2.7434123694547452E-005 2.9950326279504225E-005 0.087905026972293854 0.99612885713577271 2.7305168259772472E-005 0.99612885713577271 -0.087905034422874451 32000.dat
1 15 -159.99790954589844 -106.0770263671875 38.153518676757813 -1 2.9832250220351852E-005 2.7434123694547452E-005 2.9950326279504225E-005 0.087905026972293854 0.99612885713577271 2.7305168259772472E-005 0.99612885713577271 -0.087905034422874451 32000.dat
1 15 -9.9979076385498047 -106.08152008056641 38.135372161865234 -1 2.9832250220351852E-005 2.7434123694547452E-005 2.9950326279504225E-005 0.087905026972293854 0.99612885713577271 2.7305168259772472E-005 0.99612885713577271 -0.087905034422874451 6541.dat
1 15 -20.000862121582031 -108.19094085693359 14.229485511779785 -1 2.9832250220351852E-005 2.7434123694547452E-005 2.9950326279504225E-005 0.087905026972293854 0.99612885713577271 2.7305168259772472E-005 0.99612885713577271 -0.087905034422874451 32000.dat
1 15 -10.003818511962891 -110.30095672607422 -9.6788167953491211 -1 2.9832250220351852E-005 2.7434123694547452E-005 2.9950326279504225E-005 0.087905026972293854 0.99612885713577271 2.7305168259772472E-005 0.99612885713577271 -0.087905034422874451 6541.dat
1 15 -20.004804611206055 -111.00387573242187 -17.646615982055664 1 0.00012315166532061994 -1.9139744836138561E-005 -2.9891298254369758E-005 0.087905004620552063 -0.99612885713577271 -0.00012099244486307725 0.99612885713577271 0.08790501207113266 3666.dat
1 15 19.995943069458008 -22.056692123413086 -33.531909942626953 -1.9025421352125704E-005 0.00012311247701290995 -1.0000001192092896 -0.99612897634506226 0.087905146181583405 2.9868018827983178E-005 0.087905056774616241 0.99612897634506226 0.00012104956113034859 3832.dat
1 15 -20.001346588134766 68.299217224121094 -33.469535827636719 1 0.00012315166532061994 -1.9139744836138561E-005 -2.9891298254369758E-005 0.087905004620552063 -0.99612885713577271 -0.00012099244486307725 0.99612885713577271 0.08790501207113266 3666.dat
1 15 -60.0003662109375 69.003654479980469 -25.495662689208984 1 0.00012315166532061994 -1.9139744836138561E-005 -2.9891298254369758E-005 0.087905004620552063 -0.99612885713577271 -0.00012099244486307725 0.99612885713577271 0.08790501207113266 3010.dat
1 15 -19.997413635253906 71.112174987792969 -1.5934079885482788 -1 2.9832250220351852E-005 2.7434123694547452E-005 2.9950326279504225E-005 0.087905026972293854 0.99612885713577271 2.7305168259772472E-005 0.99612885713577271 -0.087905034422874451 30414.dat
1 71 -19.985446929931641 61.972354888916016 99.601768493652344 0.00012319452071096748 1.9136286937282421E-005 -1 0.08790501207113266 0.99612879753112793 2.9892902603023686E-005 0.99612885713577271 -0.08790501207113266 0.00012103538756491616 2445.dat
1 71 -19.973255157470703 62.793846130371094 199.91786193847656 -1 2.9923778129159473E-005 0 2.9916085622971877E-005 0.99612873792648315 -0.08790501207113266 0 -0.08790501207113266 -0.99612885713577271 87079.dat
1 71 -99.985435485839844 61.974750518798828 99.611442565917969 0.00012319452071096748 1.9136286937282421E-005 -1 0.08790501207113266 0.99612879753112793 2.9892902603023686E-005 0.99612885713577271 -0.08790501207113266 0.00012103538756491616 3028.dat
1 15 -99.98260498046875 81.663200378417969 117.95175933837891 -1 2.9832250220351852E-005 2.7434123694547452E-005 2.9950326279504225E-005 0.087905026972293854 0.99612885713577271 2.7305168259772472E-005 0.99612885713577271 -0.087905034422874451 30414.dat
1 15 -139.98558044433594 79.554672241210937 94.049522399902344 1 0.00012315166532061994 -1.9139744836138561E-005 -2.9891298254369758E-005 0.087905004620552063 -0.99612885713577271 -0.00012099244486307725 0.99612885713577271 0.08790501207113266 6111.dat
1 15 -199.98262023925781 81.666183471679688 117.96385955810547 -1 2.9832250220351852E-005 2.7434123694547452E-005 2.9950326279504225E-005 0.087905026972293854 0.99612885713577271 2.7305168259772472E-005 0.99612885713577271 -0.087905034422874451 30414.dat
1 71 -219.98545837402344 61.978359222412109 99.6259765625 0.00012319452071096748 1.9136286937282421E-005 -1 0.08790501207113266 0.99612879753112793 2.9892902603023686E-005 0.99612885713577271 -0.08790501207113266 0.00012103538756491616 2445.dat
1 71 -199.99543762207031 46.976325988769531 20.636489868164062 -0.00012346320727374405 1.9143290046486072E-005 1 -0.087905004620552063 0.99612885713577271 -2.9921686291345395E-005 -0.99612885713577271 -0.08790501207113266 -0.00012130250252084807 87079.dat
1 71 -189.99652099609375 54.066001892089844 9.9707489013671875 -0.00012346320727374405 1.9143290046486072E-005 1 -0.087905004620552063 0.99612885713577271 -2.9921686291345395E-005 -0.99612885713577271 -0.08790501207113266 -0.00012130250252084807 2420.dat
1 71 -169.99667358398437 46.096382141113281 10.671566963195801 1 1.9139730284223333E-005 0.0001231515925610438 -2.9891274607507512E-005 0.99612885713577271 0.087904974818229675 -0.00012099238665541634 -0.087904974818229675 0.99612885713577271 30039.dat
1 15 -199.99740600585937 71.117576599121094 -1.5716209411621094 -1 2.9832250220351852E-005 2.7434123694547452E-005 2.9950326279504225E-005 0.087905026972293854 0.99612885713577271 2.7305168259772472E-005 0.99612885713577271 -0.087905034422874451 30414.dat
1 15 -190.00035095214844 69.007560729980469 -25.479925155639648 1 0.00012315166532061994 -1.9139744836138561E-005 -2.9891298254369758E-005 0.087905004620552063 -0.99612885713577271 -0.00012099244486307725 0.99612885713577271 0.08790501207113266 3005.dat
1 15 -200.00135803222656 68.304618835449219 -33.447746276855469 1 0.00012315166532061994 -1.9139744836138561E-005 -2.9891298254369758E-005 0.087905004620552063 -0.99612885713577271 -0.00012099244486307725 0.99612885713577271 0.08790501207113266 3666.dat
1 15 -240.00405883789062 -22.048942565917969 -33.500473022460938 -1.9025421352125704E-005 0.00012311247701290995 -1.0000001192092896 -0.99612897634506226 0.087905146181583405 2.9868018827983178E-005 0.087905056774616241 0.99612897634506226 0.00012104956113034859 3832.dat
1 15 -250.0030517578125 -21.345352172851563 -25.530242919921875 -1.9025421352125704E-005 0.00012311247701290995 -1.0000001192092896 -0.99612897634506226 0.087905146181583405 2.9868018827983178E-005 0.087905056774616241 0.99612897634506226 0.00012104956113034859 3460.dat
1 15 -250.0010986328125 29.164335250854492 -21.956462860107422 -1.9025421352125704E-005 0.00012311247701290995 -1.0000001192092896 -0.99612897634506226 0.087905146181583405 2.9868018827983178E-005 0.087905056774616241 0.99612897634506226 0.00012104956113034859 6541.dat
1 15 -249.99876403808594 1.3902281522750854 4.5877771377563477 -1.9025421352125704E-005 0.00012311247701290995 -1.0000001192092896 -0.99612897634506226 0.087905146181583405 2.9868018827983178E-005 0.087905056774616241 0.99612897634506226 0.00012104956113034859 3008.dat
1 15 -250.00051879882813 59.048164367675781 -24.593610763549805 -1.9025421352125704E-005 0.00012311247701290995 -1.0000001192092896 -0.99612897634506226 0.087905146181583405 2.9868018827983178E-005 0.087905056774616241 0.99612897634506226 0.00012104956113034859 3004.dat
1 15 -250.00204467773437 -20.642112731933594 -17.561212539672852 -1.9025421352125704E-005 0.00012311247701290995 -1.0000001192092896 -0.99612897634506226 0.087905146181583405 2.9868018827983178E-005 0.087905056774616241 0.99612897634506226 0.00012104956113034859 3010.dat
1 15 -249.99447631835937 73.228958129882813 22.341520309448242 1 0.00012315166532061994 -1.8813900169334374E-005 -2.9566712328232825E-005 0.087905004620552063 -0.99612885713577271 -0.00012102108303224668 0.99612885713577271 0.08790501207113266 2357.dat
1 15 -249.99284362792969 5.6096529960632324 52.401958465576172 -1.9025421352125704E-005 0.00012311247701290995 -1.0000001192092896 -0.99612897634506226 0.087905146181583405 2.9868018827983178E-005 0.087905056774616241 0.99612897634506226 0.00012104956113034859 3008.dat
1 15 -249.988525390625 77.448234558105469 70.155708312988281 1 0.00012315166532061994 -1.8813900169334374E-005 -2.9566712328232825E-005 0.087905004620552063 -0.99612885713577271 -0.00012102108303224668 0.99612885713577271 0.08790501207113266 2357.dat
1 15 -249.98690795898437 9.8289403915405273 100.21614837646484 -1.9025421352125704E-005 0.00012311247701290995 -1.0000001192092896 -0.99612897634506226 0.087905146181583405 2.9868018827983178E-005 0.087905056774616241 0.99612897634506226 0.00012104956113034859 3008.dat
1 15 -249.98394775390625 11.938658714294434 124.12323760986328 -1.9025421352125704E-005 0.00012311247701290995 -1.0000001192092896 -0.99612897634506226 0.087905146181583405 2.9868018827983178E-005 0.087905056774616241 0.99612897634506226 0.00012104956113034859 3008.dat
1 15 -249.97966003417969 83.777397155761719 141.87701416015625 1 0.00012315166532061994 -1.8813900169334374E-005 -2.9566712328232825E-005 0.087905004620552063 -0.99612885713577271 -0.00012102108303224668 0.99612885713577271 0.08790501207113266 2357.dat
1 15 -249.97804260253906 16.158100128173828 171.93745422363281 -1.9025421352125704E-005 0.00012311247701290995 -1.0000001192092896 -0.99612897634506226 0.087905146181583405 2.9868018827983178E-005 0.087905056774616241 0.99612897634506226 0.00012104956113034859 3008.dat
1 15 -249.9754638671875 -1.6547549962997437 197.6026611328125 -1.9025421352125704E-005 0.00012311247701290995 -1.0000001192092896 -0.99612897634506226 0.087905146181583405 2.9868018827983178E-005 0.087905056774616241 0.99612897634506226 0.00012104956113034859 3009.dat
1 15 -249.97215270996094 20.377496719360352 219.75161743164062 -1.9025421352125704E-005 0.00012311247701290995 -1.0000001192092896 -0.99612897634506226 0.087905146181583405 2.9868018827983178E-005 0.087905056774616241 0.99612897634506226 0.00012104956113034859 3008.dat
1 15 -249.96783447265625 92.216255187988281 237.50534057617187 1 0.00012315166532061994 -1.8813900169334374E-005 -2.9566712328232825E-005 0.087905004620552063 -0.99612885713577271 -0.00012102108303224668 0.99612885713577271 0.08790501207113266 2357.dat
1 15 -249.96528625488281 74.40338134765625 263.17056274414062 1.92413881450193E-005 0.00012316000356804579 1 0.99612891674041748 0.087905101478099823 -2.9931914468761533E-005 -0.087905049324035645 0.99612891674041748 -0.00012093562691006809 3623.dat
1 15 -249.96395874023437 95.029197692871094 269.3814697265625 1 0.00012315166532061994 -1.8813900169334374E-005 -2.9566712328232825E-005 0.087905004620552063 -0.99612885713577271 -0.00012102108303224668 0.99612885713577271 0.08790501207113266 2357.dat
1 15 -249.96232604980469 27.409893035888672 299.44189453125 -1.9025421352125704E-005 0.00012311247701290995 -1.0000001192092896 -0.99612897634506226 0.087905146181583405 2.9868018827983178E-005 0.087905056774616241 0.99612897634506226 0.00012104956113034859 3460.dat
1 15 -249.96563720703125 5.3775978088378906 277.29290771484375 -1.9025421352125704E-005 0.00012311247701290995 -1.0000001192092896 -0.99612897634506226 0.087905146181583405 2.9868018827983178E-005 0.087905056774616241 0.99612897634506226 0.00012104956113034859 3009.dat
1 15 -249.96624755859375 24.596940994262695 267.5657958984375 -1.9025421352125704E-005 0.00012311247701290995 -1.0000001192092896 -0.99612897634506226 0.087905146181583405 2.9868018827983178E-005 0.087905056774616241 0.99612897634506226 0.00012104956113034859 44728.dat
1 15 -249.9696044921875 2.5646400451660156 245.41680908203125 -1.9025421352125704E-005 0.00012311247701290995 -1.0000001192092896 -0.99612897634506226 0.087905146181583405 2.9868018827983178E-005 0.087905056774616241 0.99612897634506226 0.00012104956113034859 3009.dat
1 15 -249.96701049804687 -15.248224258422852 271.08197021484375 -1.9025421352125704E-005 0.00012311247701290995 -1.0000001192092896 -0.99612897634506226 0.087905146181583405 2.9868018827983178E-005 0.087905056774616241 0.99612897634506226 0.00012104956113034859 44728.dat
1 15 -227.96170043945313 8.1151866912841797 309.1729736328125 0.00012306307326070964 -1 -1.9114739188808016E-005 0.087904989719390869 2.9810094929416664E-005 -0.99612885713577271 0.99612885713577271 0.0001209593829116784 0.087904945015907288 3031.dat
1 15 -249.95718383789062 -8.3652381896972656 350.78546142578125 1.9205974240321666E-005 -0.00012313791376072913 -1 0.99612891674041748 -0.087904892861843109 2.9911676392657682E-005 -0.087904937565326691 -0.99612891674041748 0.0001210214031743817 44728.dat
1 15 -199.80587768554687 12.408576011657715 356.9771728515625 -1.9105560568277724E-005 -0.00012323034752625972 1 -0.99612891674041748 -0.087905004620552063 -2.989984568557702E-005 0.087905041873455048 -0.99612891674041748 -0.00012103486369596794 3033.dat
1 15 -180.10501098632812 101.35626983642578 341.0943603515625 0.99999994039535522 -0.00012315165076870471 1.9139741198159754E-005 -2.9891287340433337E-005 -0.087904967367649078 0.99612885713577271 -0.00012099243031116202 -0.99612885713577271 -0.087904974818229675 44728.dat
1 15 -180.03532409667969 75.925193786621094 303.18307495117187 1 1.9139730284223333E-005 0.0001231515925610438 -2.9891274607507512E-005 0.99612885713577271 0.087904974818229675 -0.00012099238665541634 -0.087904974818229675 0.99612885713577271 3032.dat
1 15 -179.96484375 94.3238525390625 261.40399169921875 -1 2.9832250220351852E-005 2.7434123694547452E-005 2.9950326279504225E-005 0.087905026972293854 0.99612885713577271 2.7305168259772472E-005 0.99612885713577271 -0.087905034422874451 44728.dat
1 15 -179.96383666992187 95.027099609375 269.373046875 1 0.00012315166532061994 -1.9139744836138561E-005 -2.9891298254369758E-005 0.087905004620552063 -0.99612885713577271 -0.00012099244486307725 0.99612885713577271 0.08790501207113266 3010.dat
1 15 -79.960891723632813 97.133834838867187 293.26800537109375 1 0.00012315166532061994 -1.9139744836138561E-005 -2.9891298254369758E-005 0.087905004620552063 -0.99612885713577271 -0.00012099244486307725 0.99612885713577271 0.08790501207113266 4477.dat
1 15 -139.96000671386719 97.838920593261719 301.244384765625 1 0.00012315166532061994 -1.9139744836138561E-005 -2.9891298254369758E-005 0.087905004620552063 -0.99612885713577271 -0.00012099244486307725 0.99612885713577271 0.08790501207113266 4477.dat
1 15 -49.959007263183594 98.539466857910156 309.2025146484375 1 0.00012315166532061994 -1.9139744836138561E-005 -2.9891298254369758E-005 0.087905004620552063 -0.99612885713577271 -0.00012099244486307725 0.99612885713577271 0.08790501207113266 3622.dat
1 15 -139.95901489257812 98.542160034179688 309.21340942382812 1 0.00012315166532061994 -1.9139744836138561E-005 -2.9891298254369758E-005 0.087905004620552063 -0.99612885713577271 -0.00012099244486307725 0.99612885713577271 0.08790501207113266 3009.dat
1 15 -109.95604705810547 100.65097808837891 333.11685180664062 1.92413881450193E-005 0.00012316000356804579 1 0.99612891674041748 0.087905101478099823 -2.9931914468761533E-005 -0.087905049324035645 0.99612891674041748 -0.00012093562691006809 3024.dat
1 15 -219.95899963378906 98.544540405273438 309.22308349609375 -1 2.9832250220351852E-005 2.7434123694547452E-005 2.9950326279504225E-005 0.087905026972293854 0.99612885713577271 2.7305168259772472E-005 0.99612885713577271 -0.087905034422874451 32000.dat
1 15 -209.96089172363281 97.137718200683594 293.28375244140625 -1 2.9832250220351852E-005 2.7434123694547452E-005 2.9950326279504225E-005 0.087905026972293854 0.99612885713577271 2.7305168259772472E-005 0.99612885713577271 -0.087905034422874451 3623.dat
1 15 -9.9599514007568359 97.835052490234375 301.22860717773437 -1 2.9832250220351852E-005 2.7434123694547452E-005 2.9950326279504225E-005 0.087905026972293854 0.99612885713577271 2.7305168259772472E-005 0.99612885713577271 -0.087905034422874451 3623.dat
1 15 0.04103408008813858 98.537994384765625 309.1964111328125 -1 2.9832250220351852E-005 2.7434123694547452E-005 2.9950326279504225E-005 0.087905026972293854 0.99612885713577271 2.7305168259772472E-005 0.99612885713577271 -0.087905034422874451 32000.dat
1 15 -39.963912963867188 95.022964477539063 269.35614013671875 1 0.00012315166532061994 -1.9139744836138561E-005 -2.9891298254369758E-005 0.087905004620552063 -0.99612885713577271 -0.00012099244486307725 0.99612885713577271 0.08790501207113266 3010.dat
1 15 -39.964900970458984 94.319725036621094 261.38705444335937 -1 2.9832250220351852E-005 2.7434123694547452E-005 2.9950326279504225E-005 0.087905026972293854 0.99612885713577271 2.7305168259772472E-005 0.99612885713577271 -0.087905034422874451 44728.dat
1 15 -40.035377502441406 75.92108154296875 303.1661376953125 1 1.9139730284223333E-005 0.0001231515925610438 -2.9891274607507512E-005 0.99612885713577271 0.087904974818229675 -0.00012099238665541634 -0.087904974818229675 0.99612885713577271 3032.dat
1 15 -40.105037689208984 101.35213470458984 341.077392578125 0.99999994039535522 -0.00012315165076870471 1.9139741198159754E-005 -2.9891287340433337E-005 -0.087904967367649078 0.99612885713577271 -0.00012099243031116202 -0.99612885713577271 -0.087904974818229675 44728.dat
1 15 -0.10504250973463058 101.35093688964844 341.07257080078125 0.99999994039535522 -0.00012315165076870471 1.9139741198159754E-005 -2.9891287340433337E-005 -0.087904967367649078 0.99612885713577271 -0.00012099243031116202 -0.99612885713577271 -0.087904974818229675 44728.dat
1 15 0.19419366121292114 12.402618408203125 356.95294189453125 -1.9105560568277724E-005 -0.00012323034752625972 1 -0.99612891674041748 -0.087905004620552063 -2.989984568557702E-005 0.087905041873455048 -0.99612891674041748 -0.00012103486369596794 3030.dat
1 15 0.19147121906280518 -77.952224731445312 356.89535522460937 -1 -0.00011084992729593068 0.00012093338591512293 -0.00011072097549913451 -0.087905034422874451 -0.99612885713577271 0.00012105146743124351 -0.99612885713577271 0.087905026972293854 44728.dat
1 15 -39.888038635253906 -59.552375793457031 315.12112426757812 -1 0 0.0001209962647408247 0 -0.99612885713577271 0.08790501207113266 0.00012098857405362651 0.08790501207113266 0.99612873792648315 3032.dat
1 15 0.03167366236448288 -84.984611511230469 277.205078125 1 0.00012315166532061994 -1.9139744836138561E-005 -2.9891298254369758E-005 0.087905004620552063 -0.99612885713577271 -0.00012099244486307725 0.99612885713577271 0.08790501207113266 44728.dat
1 15 -19.967357635498047 -84.280776977539063 285.17654418945312 1 0.00012315166532061994 -1.9139744836138561E-005 -2.9891298254369758E-005 0.087905004620552063 -0.99612885713577271 -0.00012099244486307725 0.99612885713577271 0.08790501207113266 3009.dat
1 15 30.031658172607422 -84.985511779785156 277.20147705078125 1.92413881450193E-005 0.00012316000356804579 1 0.99612891674041748 0.087905101478099823 -2.9931914468761533E-005 -0.087905049324035645 0.99612891674041748 -0.00012093562691006809 3024.dat
1 15 20.028697967529297 -87.094924926757813 253.29559326171875 1 0.00012315166532061994 -1.9139744836138561E-005 -2.9891298254369758E-005 0.087905004620552063 -0.99612885713577271 -0.00012099244486307725 0.99612885713577271 0.08790501207113266 3004.dat
1 15 10.025737762451172 -89.204353332519531 229.38969421386719 1 0.00012315166532061994 -1.9139744836138561E-005 -2.9891298254369758E-005 0.087905004620552063 -0.99612885713577271 -0.00012099244486307725 0.99612885713577271 0.08790501207113266 3622.dat
1 15 -79.977241516113281 -91.311386108398438 205.49349975585937 1 0.00012315166532061994 -1.9139744836138561E-005 -2.9891298254369758E-005 0.087905004620552063 -0.99612885713577271 -0.00012099244486307725 0.99612885713577271 0.08790501207113266 6112.dat
1 15 -139.97428894042969 -89.199867248535156 229.40785217285156 1 0.00012315166532061994 -1.9139744836138561E-005 -2.9891298254369758E-005 0.087905004620552063 -0.99612885713577271 -0.00012099244486307725 0.99612885713577271 0.08790501207113266 6112.dat
1 15 -169.97132873535156 -87.089248657226563 253.31857299804687 1 0.00012315166532061994 -1.9139744836138561E-005 -2.9891298254369758E-005 0.087905004620552063 -0.99612885713577271 -0.00012099244486307725 0.99612885713577271 0.08790501207113266 3622.dat
1 15 -179.96842956542969 -84.979278564453125 277.22686767578125 1 0.00012315166532061994 -1.9139744836138561E-005 -2.9891298254369758E-005 0.087905004620552063 -0.99612885713577271 -0.00012099244486307725 0.99612885713577271 0.08790501207113266 44728.dat
1 15 -199.9674072265625 -84.275398254394531 285.19833374023437 1 0.00012315166532061994 -1.9139744836138561E-005 -2.9891298254369758E-005 0.087905004620552063 -0.99612885713577271 -0.00012099244486307725 0.99612885713577271 0.08790501207113266 3009.dat
1 15 -229.96444702148437 -82.164779663085937 309.10903930664062 1 0.00012315166532061994 -1.9139744836138561E-005 -2.9891298254369758E-005 0.087905004620552063 -0.99612885713577271 -0.00012099244486307725 0.99612885713577271 0.08790501207113266 3622.dat
1 15 -139.96142578125 -80.057731628417969 333.0052490234375 -1 2.9507671570172533E-005 2.7136924472870305E-005 2.9625745810335502E-005 0.087905026972293854 0.99612885713577271 2.7007970857084729E-005 0.99612885713577271 -0.087905034422874451 60479.dat
1 15 -229.96046447753906 -79.351829528808594 340.98516845703125 1 0.00012315166532061994 -1.9139744836138561E-005 -2.9891298254369758E-005 0.087905004620552063 -0.99612885713577271 -0.00012099244486307725 0.99612885713577271 0.08790501207113266 3623.dat
1 15 -79.960456848144531 -79.356285095214844 340.96697998046875 -1 2.9507671570172533E-005 2.7136924472870305E-005 2.9625745810335502E-005 0.087905026972293854 0.99612885713577271 2.7007970857084729E-005 0.99612885713577271 -0.087905034422874451 60479.dat
1 15 10.038570404052734 -80.062225341796875 332.98709106445313 1 0.00012315166532061994 -1.9139744836138561E-005 -2.9891298254369758E-005 0.087905004620552063 -0.99612885713577271 -0.00012099244486307725 0.99612885713577271 0.08790501207113266 3623.dat
1 15 -79.964401245117188 -82.169273376464844 309.09091186523437 1 0.00012315166532061994 -1.9139744836138561E-005 -2.9891298254369758E-005 0.087905004620552063 -0.99612885713577271 -0.00012099244486307725 0.99612885713577271 0.08790501207113266 6112.dat
1 15 -109.96736145019531 -84.278091430664063 285.18743896484375 1 0.00012315166532061994 -1.9139744836138561E-005 -2.9891298254369758E-005 0.087905004620552063 -0.99612885713577271 -0.00012099244486307725 0.99612885713577271 0.08790501207113266 3622.dat
1 15 -109.96831512451172 -84.981430053710938 277.21844482421875 1.92413881450193E-005 0.00012316000356804579 1 0.99612891674041748 0.087905101478099823 -2.9931914468761533E-005 -0.087905049324035645 0.99612891674041748 -0.00012093562691006809 3024.dat
1 15 -109.96954345703125 2.5604424476623535 245.39990234375 -1.9025421352125704E-005 0.00012311247701290995 -1.0000001192092896 -0.99612897634506226 0.087905146181583405 2.9868018827983178E-005 0.087905056774616241 0.99612897634506226 0.00012104956113034859 6111.dat
1 15 -99.970535278320312 1.8568863868713379 237.42967224121094 1.92413881450193E-005 0.00012316000356804579 1 0.99612891674041748 0.087905101478099823 -2.9931914468761533E-005 -0.087905049324035645 0.99612891674041748 -0.00012093562691006809 3034.dat
1 2 -39.970760345458984 40.997005462646484 225.93717956542969 1 0.00012315166532061994 -1.9139744836138561E-005 -2.9891298254369758E-005 0.087905004620552063 -0.99612885713577271 -0.00012099244486307725 0.99612885713577271 0.08790501207113266 3032.dat
1 19 -89.974472045898438 -0.95635253190994263 205.55233764648437 1.92413881450193E-005 0.00012316000356804579 1 0.99612891674041748 0.087905101478099823 -2.9931914468761533E-005 -0.087905049324035645 0.99612891674041748 -0.00012093562691006809 3009.dat
1 2 -39.9722900390625 -38.69329833984375 232.96957397460937 1 0.00012315166532061994 -1.9139744836138561E-005 -2.9891298254369758E-005 0.087905004620552063 -0.99612885713577271 -0.00012099244486307725 0.99612885713577271 0.08790501207113266 3032.dat
1 19 -9.9744863510131836 -0.95874565839767456 205.54266357421875 1.92413881450193E-005 0.00012316000356804579 1 0.99612891674041748 0.087905101478099823 -2.9931914468761533E-005 -0.087905049324035645 0.99612891674041748 -0.00012093562691006809 3009.dat
1 19 -49.974472045898438 -0.95755058526992798 205.54750061035156 1.92413881450193E-005 0.00012316000356804579 1 0.99612891674041748 0.087905101478099823 -2.9931914468761533E-005 -0.087905049324035645 0.99612891674041748 -0.00012093562691006809 3009.dat
1 15 -9.9705448150634766 1.8542336225509644 237.41877746582031 -1.9025421352125704E-005 0.00012311247701290995 -1.0000001192092896 -0.99612897634506226 0.087905146181583405 2.9868018827983178E-005 0.087905056774616241 0.99612897634506226 0.00012104956113034859 3460.dat
1 15 -9.9695596694946289 2.5574681758880615 245.38778686523437 -1.9025421352125704E-005 0.00012311247701290995 -1.0000001192092896 -0.99612897634506226 0.087905146181583405 2.9868018827983178E-005 0.087905056774616241 0.99612897634506226 0.00012104956113034859 6111.dat
1 19 -69.974479675292969 -0.9569515585899353 205.5499267578125 1.92413881450193E-005 0.00012316000356804579 1 0.99612891674041748 0.087905101478099823 -2.9931914468761533E-005 -0.087905049324035645 0.99612891674041748 -0.00012093562691006809 3009.dat
1 19 -29.974466323852539 -0.95814663171768188 205.54508972167969 1.92413881450193E-005 0.00012316000356804579 1 0.99612891674041748 0.087905101478099823 -2.9931914468761533E-005 -0.087905049324035645 0.99612891674041748 -0.00012093562691006809 3009.dat
1 2 -109.97151184082031 1.1539578437805176 229.46183776855469 1.92413881450193E-005 0.00012316000356804579 1 0.99612891674041748 0.087905101478099823 -2.9931914468761533E-005 -0.087905049324035645 0.99612891674041748 -0.00012093562691006809 3460.dat
1 19 -109.97447967529297 -0.95575648546218872 205.55477905273437 1.92413881450193E-005 0.00012316000356804579 1 0.99612891674041748 0.087905101478099823 -2.9931914468761533E-005 -0.087905049324035645 0.99612891674041748 -0.00012093562691006809 3009.dat
1 15 -89.96954345703125 2.5598464012145996 245.39747619628906 -1.9025421352125704E-005 0.00012311247701290995 -1.0000001192092896 -0.99612897634506226 0.087905146181583405 2.9868018827983178E-005 0.087905056774616241 0.99612897634506226 0.00012104956113034859 6111.dat
1 15 -109.96487426757812 94.321754455566406 261.39553833007812 1.92413881450193E-005 0.00012316000356804579 1 0.99612891674041748 0.087905101478099823 -2.9931914468761533E-005 -0.087905049324035645 0.99612891674041748 -0.00012093562691006809 3024.dat
1 15 -109.9638671875 95.025009155273438 269.36456298828125 1 0.00012315166532061994 -1.9139744836138561E-005 -2.9891298254369758E-005 0.087905004620552063 -0.99612885713577271 -0.00012099244486307725 0.99612885713577271 0.08790501207113266 3622.dat
1 15 -109.95947265625 -78.652175903320313 348.93966674804687 1.92413881450193E-005 0.00012316000356804579 1 0.99612891674041748 0.087905101478099823 -2.9931914468761533E-005 -0.087905049324035645 0.99612891674041748 -0.00012093562691006809 3024.dat
1 15 -219.96836853027344 -84.978034973144531 277.23171997070312 1 0.00012315166532061994 -1.9139744836138561E-005 -2.9891298254369758E-005 0.087905004620552063 -0.99612885713577271 -0.00012099244486307725 0.99612885713577271 0.08790501207113266 44728.dat
1 15 -179.88807678222656 -59.548233032226563 315.13809204101562 -1 0 0.0001209962647408247 0 -0.99612885713577271 0.08790501207113266 0.00012098857405362651 0.08790501207113266 0.99612873792648315 3032.dat
1 15 -139.80857849121094 -77.94805908203125 356.91232299804687 -1 -0.00011084992729593068 0.00012093338591512293 -0.00011072097549913451 -0.087905034422874451 -0.99612885713577271 0.00012105146743124351 -0.99612885713577271 0.087905026972293854 44728.dat
1 15 -179.80856323242187 -77.946861267089844 356.91717529296875 -1 -0.00011084992729593068 0.00012093338591512293 -0.00011072097549913451 -0.087905034422874451 -0.99612885713577271 0.00012105146743124351 -0.99612885713577271 0.087905026972293854 44728.dat
1 15 -219.80853271484375 -77.945671081542969 356.9219970703125 -1 -0.00011084992729593068 0.00012093338591512293 -0.00011072097549913451 -0.087905034422874451 -0.99612885713577271 0.00012105146743124351 -0.99612885713577271 0.087905026972293854 44728.dat
1 15 -139.9683837890625 -84.980430603027344 277.2220458984375 1 0.00012315166532061994 -1.9139744836138561E-005 -2.9891298254369758E-005 0.087905004620552063 -0.99612885713577271 -0.00012099244486307725 0.99612885713577271 0.08790501207113266 44728.dat
1 15 -249.96836853027344 -84.977142333984375 277.2353515625 1.92413881450193E-005 0.00012316000356804579 1 0.99612891674041748 0.087905101478099823 -2.9931914468761533E-005 -0.087905049324035645 0.99612891674041748 -0.00012093562691006809 3024.dat
1 15 -239.97134399414062 -87.087158203125 253.32704162597656 1 0.00012315166532061994 -1.9139744836138561E-005 -2.9891298254369758E-005 0.087905004620552063 -0.99612885713577271 -0.00012099244486307725 0.99612885713577271 0.08790501207113266 3004.dat
1 15 -49.971321105957031 -87.092842102050781 253.30404663085937 1 0.00012315166532061994 -1.9139744836138561E-005 -2.9891298254369758E-005 0.087905004620552063 -0.99612885713577271 -0.00012099244486307725 0.99612885713577271 0.08790501207113266 3622.dat
1 15 -39.968360900878906 -84.983421325683594 277.20993041992187 1 0.00012315166532061994 -1.9139744836138561E-005 -2.9891298254369758E-005 0.087905004620552063 -0.99612885713577271 -0.00012099244486307725 0.99612885713577271 0.08790501207113266 44728.dat
1 15 -229.97724914550781 -91.306900024414063 205.51164245605469 1 0.00012315166532061994 -1.9139744836138561E-005 -2.9891298254369758E-005 0.087905004620552063 -0.99612885713577271 -0.00012099244486307725 0.99612885713577271 0.08790501207113266 3622.dat
1 15 -139.98020935058594 -93.4193115234375 181.59367370605469 1 0.00012315166532061994 -1.9139744836138561E-005 -2.9891298254369758E-005 0.087905004620552063 -0.99612885713577271 -0.00012099244486307725 0.99612885713577271 0.08790501207113266 6112.dat
1 15 -79.983154296875 -95.53082275390625 157.67930603027344 1 0.00012315166532061994 -1.9139744836138561E-005 -2.9891298254369758E-005 0.087905004620552063 -0.99612885713577271 -0.00012099244486307725 0.99612885713577271 0.08790501207113266 6112.dat
1 15 10.019826889038086 -93.423797607421875 181.57553100585937 1 0.00012315166532061994 -1.9139744836138561E-005 -2.9891298254369758E-005 0.087905004620552063 -0.99612885713577271 -0.00012099244486307725 0.99612885713577271 0.08790501207113266 3622.dat
1 15 -19.986091613769531 -97.642341613769531 133.76495361328125 1 0.00012315166532061994 -1.9139744836138561E-005 -2.9891298254369758E-005 0.087905004620552063 -0.99612885713577271 -0.00012099244486307725 0.99612885713577271 0.08790501207113266 30414.dat
1 71 -19.988185882568359 -81.470123291015625 112.26007843017578 0.00012316090578678995 -1.9340735889272764E-005 1 0.087905317544937134 -0.99612885713577271 -3.0090242944424972E-005 0.99612885713577271 0.087905324995517731 -0.00012093585246475413 2445.dat
1 71 -19.975709915161133 -64.710578918457031 211.16976928710937 0.99999994039535522 -1.9139739379170351E-005 -0.00012282580428291112 -2.98626437142957E-005 -0.99612885713577271 -0.087904959917068481 -0.0001206678498419933 0.087904959917068481 -0.99612885713577271 87079.dat
1 71 -99.988189697265625 -81.467727661132812 112.26976013183594 0.00012316090578678995 -1.9340735889272764E-005 1 0.087905317544937134 -0.99612885713577271 -3.0090242944424972E-005 0.99612885713577271 0.087905324995517731 -0.00012093585246475413 3028.dat
1 15 -109.98036956787109 -52.286029815673828 169.92901611328125 -0.00012324783892836422 -1.95018328668084E-005 -0.99999994039535522 -0.087904751300811768 -0.99612885713577271 3.025869227712974E-005 -0.99612885713577271 0.087904751300811768 0.00012101739412173629 4865a.dat
1 15 -69.995079040527344 -62.835830688476563 50.388706207275391 -0.00012324783892836422 -1.95018328668084E-005 -0.99999994039535522 -0.087904751300811768 -0.99612885713577271 3.025869227712974E-005 -0.99612885713577271 0.087904751300811768 0.00012101739412173629 4865a.dat
1 15 -109.9951171875 -62.834632873535156 50.393539428710938 -0.00012324783892836422 -1.95018328668084E-005 -0.99999994039535522 -0.087904751300811768 -0.99612885713577271 3.025869227712974E-005 -0.99612885713577271 0.087904751300811768 0.00012101739412173629 4865a.dat
1 15 -49.985301971435547 -55.804019927978516 130.07662963867187 -0.00012324783892836422 -1.95018328668084E-005 -0.99999994039535522 -0.087904751300811768 -0.99612885713577271 3.025869227712974E-005 -0.99612885713577271 0.087904751300811768 0.00012101739412173629 4865a.dat
1 15 -69.980392456054688 -52.287227630615234 169.92417907714844 -0.00012324783892836422 -1.95018328668084E-005 -0.99999994039535522 -0.087904751300811768 -0.99612885713577271 3.025869227712974E-005 -0.99612885713577271 0.087904751300811768 0.00012101739412173629 4865a.dat
1 15 -129.98529052734375 -55.8016357421875 130.08624267578125 -0.00012324783892836422 -1.95018328668084E-005 -0.99999994039535522 -0.087904751300811768 -0.99612885713577271 3.025869227712974E-005 -0.99612885713577271 0.087904751300811768 0.00012101739412173629 4865a.dat
1 15 -89.980400085449219 -52.286624908447266 169.92658996582031 -0.00012324783892836422 -1.95018328668084E-005 -0.99999994039535522 -0.087904751300811768 -0.99612885713577271 3.025869227712974E-005 -0.99612885713577271 0.087904751300811768 0.00012101739412173629 4865a.dat
1 15 -69.98529052734375 -55.803424835205078 130.07901000976562 -0.00012324783892836422 -1.95018328668084E-005 -0.99999994039535522 -0.087904751300811768 -0.99612885713577271 3.025869227712974E-005 -0.99612885713577271 0.087904751300811768 0.00012101739412173629 4865a.dat
1 15 -49.980388641357422 -52.287822723388672 169.9217529296875 -0.00012324783892836422 -1.95018328668084E-005 -0.99999994039535522 -0.087904751300811768 -0.99612885713577271 3.025869227712974E-005 -0.99612885713577271 0.087904751300811768 0.00012101739412173629 4865a.dat
1 15 -109.98529052734375 -55.802230834960938 130.08384704589844 -0.00012324783892836422 -1.95018328668084E-005 -0.99999994039535522 -0.087904751300811768 -0.99612885713577271 3.025869227712974E-005 -0.99612885713577271 0.087904751300811768 0.00012101739412173629 4865a.dat
1 15 -129.98037719726562 -52.285430908203125 169.93141174316406 -0.00012324783892836422 -1.95018328668084E-005 -0.99999994039535522 -0.087904751300811768 -0.99612885713577271 3.025869227712974E-005 -0.99612885713577271 0.087904751300811768 0.00012101739412173629 4865a.dat
1 15 -129.99510192871094 -62.834037780761719 50.395957946777344 -0.00012324783892836422 -1.95018328668084E-005 -0.99999994039535522 -0.087904751300811768 -0.99612885713577271 3.025869227712974E-005 -0.99612885713577271 0.087904751300811768 0.00012101739412173629 4865a.dat
1 15 -89.98529052734375 -55.802829742431641 130.0814208984375 -0.00012324783892836422 -1.95018328668084E-005 -0.99999994039535522 -0.087904751300811768 -0.99612885713577271 3.025869227712974E-005 -0.99612885713577271 0.087904751300811768 0.00012101739412173629 4865a.dat
1 15 -49.995094299316406 -62.836414337158203 50.386280059814453 -0.00012324783892836422 -1.95018328668084E-005 -0.99999994039535522 -0.087904751300811768 -0.99612885713577271 3.025869227712974E-005 -0.99612885713577271 0.087904751300811768 0.00012101739412173629 4865a.dat
1 15 -129.99020385742187 -59.317832946777344 90.241127014160156 -0.00012324783892836422 -1.95018328668084E-005 -0.99999994039535522 -0.087904751300811768 -0.99612885713577271 3.025869227712974E-005 -0.99612885713577271 0.087904751300811768 0.00012101739412173629 4865a.dat
1 15 -70.000007629394531 -66.352027893066406 10.543535232543945 -0.00012324783892836422 -1.95018328668084E-005 -0.99999994039535522 -0.087904751300811768 -0.99612885713577271 3.025869227712974E-005 -0.99612885713577271 0.087904751300811768 0.00012101739412173629 4865a.dat
1 71 -139.97572326660156 -64.706993103027344 211.18426513671875 0.99999994039535522 -1.9139739379170351E-005 -0.00012282580428291112 -2.98626437142957E-005 -0.99612885713577271 -0.087904959917068481 -0.0001206678498419933 0.087904959917068481 -0.99612885713577271 87079.dat
1 71 -179.98568725585937 -79.707244873046875 132.20204162597656 -0.00012324783892836422 -1.95018328668084E-005 -0.99999994039535522 -0.087904751300811768 -0.99612885713577271 3.025869227712974E-005 -0.99612885713577271 0.087904751300811768 0.00012101739412173629 3832.dat
1 71 -199.97817993164062 -66.463294982910156 191.26893615722656 -0.0001227428438141942 -1.9515107851475477E-005 -1 -0.087904751300811768 -0.99612885713577271 3.0234898076741956E-005 -0.99612891674041748 0.087904751300811768 0.00012068069190718234 87079.dat
1 71 -219.98820495605469 -81.464126586914062 112.28427886962891 0.00012316090578678995 -1.9340735889272764E-005 1 0.087905317544937134 -0.99612885713577271 -3.0090242944424972E-005 0.99612885713577271 0.087905324995517731 -0.00012093585246475413 2445.dat
1 71 -199.98797607421875 -73.4957275390625 111.57862091064453 0.000122824203572236 -1.9345039618201554E-005 1 0.087905332446098328 -0.99612885713577271 -3.006489532708656E-005 0.99612885713577271 0.087905332446098328 -0.00012059918662998825 87079.dat
1 71 -229.97825622558594 -66.46240234375 191.2725830078125 -0.00012324783892836422 -1.95018328668084E-005 -0.99999994039535522 -0.087904751300811768 -0.99612885713577271 3.025869227712974E-005 -0.99612885713577271 0.087904751300811768 0.00012101739412173629 2431.dat
